SDD21_Lower	SDD11_Upper	SCD21_Upper	SCD22_Upper	SCD21-SDD21_Upper	NEXT_Upper	SDD21_offset
-6		-18				0.029739
-6		-18				0.03929
-6		-18				0.045344
-6		-18				0.051005
-6		-18				0.057188
-6		-18				0.05949
-6		-18				0.065105
-6		-18				0.073165
-6		-18				0.078481
-6	-10	-18	-26	-10	-35	0.084058
-6	-10	-18	-26	-10	-35	0.087889
-6	-10	-18	-26	-10	-35	0.092084
-6	-10	-18	-26	-10	-35	0.096162
-6	-10	-18	-26	-10	-35	0.099621
-6	-10	-18	-26	-10	-35	0.104003
-6	-10	-18	-26	-10	-35	0.106361
-6	-10	-18	-26	-10	-35	0.109963
-6	-10	-18	-26	-10	-35	0.114431
-6	-10	-18	-26	-10	-35	0.116969
-6	-10	-18	-26	-10	-35	0.121335
-6	-10	-18	-26	-10	-35	0.125414
-6	-10	-18	-26	-10	-35	0.129546
-6	-10	-18	-26	-10	-35	0.132289
-6	-10	-18	-26	-10	-35	0.134973
-6	-10	-18	-26	-10	-35	0.140069
-6	-10	-18	-26	-10	-35	0.147409
-6	-10	-18	-26	-10	-35	0.148098
-6	-10	-18	-26	-10	-35	0.152244
-6	-10	-18	-26	-10	-35	0.155046
-6	-10	-18	-25.81060216	-10	-35	0.158206
-6	-10	-18	-25.62721798	-10	-35	0.161041
-6	-10	-18	-25.44947729	-10	-35	0.163564
-6	-10	-18	-25.27704309	-10	-35	0.167252
-6	-10	-18	-25.1096077	-10	-35	0.170937
-6	-10	-18	-24.94688943	-10	-35	0.175324
-6	-10	-18	-24.78862976	-10	-35	0.177594
-6	-10	-18	-24.63459085	-10	-35	0.179899
-6	-10	-18	-24.48455341	-10	-35	0.182604
-6	-10	-18	-24.3383148	-10	-35	0.185527
-6	-10	-18	-24.19568739	-10	-35	0.189275
-6	-10	-18	-24.05649713	-10	-35	0.191735
-6	-10	-18	-23.92058223	-10	-35	0.193216
-6	-10	-18	-23.78779209	-10	-35	0.195386
-6	-10	-18	-23.65798625	-10	-35	0.198459
-6	-10	-18	-23.53103353	-10	-35	0.20137
-6	-10	-18	-23.40681118	-10	-35	0.205063
-6	-10	-18	-23.28520423	-10	-35	0.206808
-6	-10	-18	-23.16610482	-10	-35	0.210809
-6	-10	-18	-23.04941163	-10	-35	0.213659
-6	-10	-18	-22.93502935	-10	-35	0.216463
-6	-10	-18	-22.82286822	-10	-35	0.222742
-6	-10	-18	-22.71284362	-10	-35	0.225817
-6	-10	-18	-22.60487568	-10	-35	0.227993
-6	-10	-18	-22.49888892	-10	-35	0.229903
-6	-10	-18	-22.39481193	-10	-35	0.231558
-6	-10	-18	-22.29257711	-10	-35	0.234991
-6	-10	-18	-22.19212037	-10	-35	0.236398
-6	-10	-18	-22.09338093	-10	-35	0.239905
-6	-10	-18	-21.99630106	-10	-35	0.243536
-6	-10	-18	-21.90082588	-10	-35	0.24579
-6	-10	-18	-21.80690322	-10	-35	0.248749
-6	-10	-18	-21.71448338	-10	-35	0.250401
-6	-10	-18	-21.62351903	-10	-35	0.251811
-6	-10	-18	-21.53396504	-10	-35	0.254686
-6	-10	-18	-21.44577835	-10	-35	0.259091
-6	-10	-18	-21.35891781	-10	-35	0.261443
-6	-10	-18	-21.27334415	-10	-35	0.263138
-6	-10	-18	-21.18901978	-10	-35	0.26515
-6	-10	-18	-21.10590876	-10	-35	0.267226
-6	-10	-18	-21.02397665	-10	-35	0.269316
-6	-10	-18	-20.94319049	-10	-35	0.271787
-6	-10	-18	-20.86351865	-10	-35	0.275507
-6	-10	-18	-20.78493082	-10	-35	0.276885
-6	-10	-18	-20.70739788	-10	-35	0.278501
-6	-10	-18	-20.63089191	-10	-35	0.279864
-6	-10	-18	-20.55538604	-10	-35	0.282567
-6	-10	-18	-20.48085447	-10	-35	0.284331
-6	-10	-18	-20.40727237	-10	-35	0.286868
-6	-10	-18	-20.33461586	-10	-35	0.289626
-6	-10	-18	-20.26286194	-10	-35	0.291916
-6	-10	-18	-20.19198845	-10	-35	0.294127
-6	-10	-18	-20.12197406	-10	-35	0.296475
-6	-10	-18	-20.05279818	-10	-35	0.298285
-6	-10	-18	-19.98444098	-10	-35	0.300659
-6	-10	-18	-19.91688329	-10	-35	0.304138
-6	-10	-18	-19.85010663	-10	-35	0.304672
-6	-10	-18	-19.78409315	-10	-35	0.307692
-6	-10	-18	-19.7188256	-10	-35	0.30926
-6	-10	-18	-19.65428731	-10	-35	0.310526
-6	-10	-18	-19.59046217	-10	-35	0.313772
-6	-10	-18	-19.52733458	-10	-35	0.314086
-6	-10	-18	-19.46488947	-10	-35	0.315765
-6	-10	-18	-19.40311223	-10	-35	0.31781
-6	-10	-18	-19.34198874	-10	-35	0.318273
-6	-10	-18	-19.28150529	-10	-35	0.320075
-6	-10	-18	-19.22164862	-10	-35	0.321972
-6	-10	-18	-19.16240588	-10	-35	0.321225
-6	-10	-18	-19.1037646	-10	-35	0.324497
-6	-10	-18	-19.04571269	-10	-35	0.327081
-6	-10	-18	-18.98823842	-10	-35	0.328897
-6	-10	-18	-18.9313304	-10	-35	0.331683
-6	-10	-18	-18.8749776	-10	-35	0.335137
-6	-10	-18	-18.81916928	-10	-35	0.337052
-6	-10	-18	-18.76389501	-10	-35	0.338289
-6	-10	-18	-18.70914468	-10	-35	0.339868
-6	-10	-18	-18.65490844	-10	-35	0.34254
-6	-10	-18	-18.60117674	-10	-35	0.344892
-6	-10	-18	-18.54794027	-10	-35	0.347367
-6	-10	-18	-18.49518998	-10	-35	0.348051
-6	-10	-18	-18.44291707	-10	-35	0.351366
-6	-10	-18	-18.39111299	-10	-35	0.354081
-6	-10	-18	-18.33976939	-10	-35	0.354636
-6	-10	-18	-18.28887816	-10	-35	0.356202
-6	-10	-18	-18.23843141	-10	-35	0.357543
-6	-10	-18	-18.18842143	-10	-35	0.358481
-6	-10	-18	-18.13884073	-10	-35	0.360015
-6	-10	-18	-18.08968199	-10	-35	0.361544
-6	-10	-18	-18.0409381	-10	-35	0.365138
-6	-10	-18	-17.99260212	-10	-35	0.367768
-6	-10	-18	-17.94466726	-10	-35	0.369556
-6	-10	-18	-17.89712694	-10	-35	0.37149
-6	-10	-18	-17.84997471	-10	-35	0.374479
-6	-10	-18	-17.80320428	-10	-35	0.375012
-6	-10	-18	-17.75680951	-10	-35	0.375898
-6	-10	-18	-17.71078444	-10	-35	0.377225
-6	-10	-18	-17.6651232	-10	-35	0.378706
-6	-10	-18	-17.61982009	-10	-35	0.380277
-6	-10	-18	-17.57486954	-10	-35	0.381865
-6	-10	-18	-17.5302661	-10	-35	0.383938
-6	-10	-18	-17.48600446	-10	-35	0.385184
-6	-10	-18	-17.4420794	-10	-35	0.387213
-6	-10	-18	-17.39848586	-10	-35	0.389903
-6	-10	-18	-17.35521887	-10	-35	0.391686
-6	-10	-18	-17.31227357	-10	-35	0.393341
-6	-10	-18	-17.26964521	-10	-35	0.394846
-6	-10	-18	-17.22732914	-10	-35	0.397402
-6	-10	-18	-17.18532084	-10	-35	0.400611
-6	-10	-18	-17.14361584	-10	-35	0.401955
-6	-10	-18	-17.10220981	-10	-35	0.404111
-6	-10	-18	-17.06109849	-10	-35	0.40607
-6	-10	-18	-17.02027771	-10	-35	0.408234
-6	-10	-18	-16.97974339	-10	-35	0.410367
-6	-10	-18	-16.93949154	-10	-35	0.410439
-6	-10	-18	-16.89951826	-10	-35	0.413462
-6	-10	-18	-16.85981971	-10	-35	0.415297
-6	-10	-18	-16.82039214	-10	-35	0.41738
-6	-10	-18	-16.78123187	-10	-35	0.41907
-6	-10	-18	-16.74233532	-10	-35	0.421692
-6	-10	-18	-16.70369894	-10	-35	0.423666
-6	-10	-18	-16.66531929	-10	-35	0.42576
-6	-10	-18	-16.62719297	-10	-35	0.42795
-6	-10	-18	-16.58931666	-10	-35	0.429294
-6	-10	-18	-16.5516871	-10	-35	0.429751
-6	-10	-18	-16.5143011	-10	-35	0.433075
-6	-10	-18	-16.47715553	-10	-35	0.435922
-6	-10	-18	-16.44024731	-10	-35	0.437969
-6	-10	-18	-16.40357343	-10	-35	0.439978
-6	-10	-18	-16.36713093	-10	-35	0.441403
-6	-10	-18	-16.33091692	-10	-35	0.443617
-6	-10	-18	-16.29492854	-10	-35	0.445052
-6	-10	-18	-16.25916299	-10	-35	0.446475
-6	-10	-18	-16.22361755	-10	-35	0.450486
-6	-10	-18	-16.18828951	-10	-35	0.450855
-6	-10	-18	-16.15317623	-10	-35	0.45284
-6	-10	-18	-16.11827512	-10	-35	0.453147
-6	-10	-18	-16.08358362	-10	-35	0.454636
-6	-10	-18	-16.04909924	-10	-35	0.457612
-6	-10	-18	-16.01481952	-10	-35	0.457712
-6	-10	-18	-15.98074203	-10	-35	0.460824
-6	-10	-18	-15.94686442	-10	-35	0.461657
-6	-10	-18	-15.91318434	-10	-35	0.464406
-6	-10	-18	-15.87969952	-10	-35	0.464965
-6	-10	-18	-15.84640769	-10	-35	0.468124
-6	-10	-18	-15.81330664	-10	-35	0.469392
-6	-10	-18	-15.78039421	-10	-35	0.471651
-6	-10	-18	-15.74766825	-10	-35	0.472113
-6	-10	-18	-15.71512666	-10	-35	0.47367
-6	-10	-18	-15.68276738	-10	-35	0.474758
-6	-10	-18	-15.65058837	-10	-35	0.476852
-6	-10	-18	-15.61858764	-10	-35	0.479459
-6	-10	-18	-15.58676323	-10	-35	0.47989
-6	-10	-18	-15.55511319	-10	-35	0.4819
-6	-10	-18	-15.52363564	-10	-35	0.481961
-6	-10	-18	-15.4923287	-10	-35	0.48362
-6	-10	-18	-15.46119053	-10	-35	0.485633
-6	-10	-18	-15.43021932	-10	-35	0.487758
-6	-10	-18	-15.39941329	-10	-35	0.488467
-6	-10	-18	-15.36877069	-10	-35	0.48866
-6	-10	-18	-15.3382898	-10	-35	0.490622
-6	-10	-18	-15.3079689	-10	-35	0.492578
-6	-10	-18	-15.27780635	-10	-35	0.493074
-6	-10	-18	-15.24780048	-10	-35	0.494246
-6	-10	-18	-15.21794968	-10	-35	0.496451
-6	-10	-18	-15.18825236	-10	-35	0.497805
-6	-10	-18	-15.15870694	-10	-35	0.49945
-6	-10	-18	-15.12931188	-10	-35	0.500859
-6	-10	-18	-15.10006566	-10	-35	0.502626
-6	-10	-18	-15.07096677	-10	-35	0.503163
-6	-10	-18	-15.04201375	-10	-35	0.505428
-6	-10	-18	-15.01320512	-10	-35	0.506804
-6	-10	-18	-14.98453947	-10	-35	0.508511
-6	-10	-18	-14.95601538	-10	-35	0.509893
-6	-10	-18	-14.92763146	-10	-35	0.511632
-6	-10	-18	-14.89938634	-10	-35	0.513024
-6	-10	-18	-14.87127866	-10	-35	0.513968
-6	-10	-18	-14.84330709	-10	-35	0.514841
-6	-10	-18	-14.81547033	-10	-35	0.51771
-6	-9.987767082	-18	-14.78776708	-10	-35	0.518974
-6	-9.960196068	-18	-14.76019607	-10	-35	0.518693
-6	-9.932756032	-18	-14.73275603	-10	-35	0.52033
-6	-9.905445737	-18	-14.70544574	-10	-35	0.522728
-6	-9.878263962	-18	-14.67826396	-10	-35	0.523742
-6	-9.851209502	-18	-14.6512095	-10	-35	0.523683
-6	-9.824281171	-18	-14.62428117	-10	-35	0.526792
-6	-9.797477797	-18	-14.5974778	-10	-35	0.528127
-6	-9.770798228	-18	-14.57079823	-10	-35	0.529973
-6	-9.744241323	-18	-14.54424132	-10	-35	0.532704
-6	-9.71780596	-18	-14.51780596	-10	-35	0.532125
-6	-9.691491033	-18	-14.49149103	-10	-35	0.533827
-6	-9.665295448	-18	-14.46529545	-10	-35	0.535178
-6	-9.639218128	-18	-14.43921813	-10	-35	0.537621
-6	-9.613258009	-18	-14.41325801	-10	-35	0.538674
-6	-9.587414044	-18	-14.38741404	-10	-35	0.539494
-6	-9.561685197	-18	-14.3616852	-10	-35	0.541201
-6	-9.536070447	-18	-14.33607045	-10	-35	0.543087
-6	-9.510568787	-18	-14.31056879	-10	-35	0.544079
-6	-9.485179223	-18	-14.28517922	-10	-35	0.546616
-6	-9.459900773	-18	-14.25990077	-10	-35	0.5478
-6	-9.434732469	-18	-14.23473247	-10	-35	0.549363
-6	-9.409673355	-18	-14.20967336	-10	-35	0.550539
-6	-9.384722489	-18	-14.18472249	-10	-35	0.553499
-6	-9.359878938	-18	-14.15987894	-10	-35	0.555076
-6	-9.335141784	-18	-14.13514178	-10	-35	0.556496
-6	-9.31051012	-18	-14.11051012	-10	-35	0.55871
-6	-9.285983048	-18	-14.08598305	-10	-35	0.560164
-6	-9.261559686	-18	-14.06155969	-10	-35	0.560913
-6	-9.237239159	-18	-14.03723916	-10	-35	0.563721
-6	-9.213020605	-18	-14.01302061	-10	-35	0.564776
-6	-9.188903173	-18	-13.98890317	-10	-35	0.567227
-6	-9.164886022	-18	-13.96488602	-10	-35	0.567385
-6	-9.14096832	-18	-13.94096832	-10	-35	0.569178
-6	-9.117149249	-18	-13.91714925	-10	-35	0.571185
-6	-9.093427997	-18	-13.893428	-10	-35	0.572503
-6	-9.069803766	-18	-13.86980377	-10	-35	0.575491
-6	-9.046275763	-18	-13.84627576	-10	-35	0.578306
-6	-9.022843209	-18	-13.82284321	-10	-35	0.578616
-6	-8.999505333	-18	-13.79950533	-10	-35	0.579991
-6	-8.976261371	-18	-13.77626137	-10	-35	0.582559
-6	-8.953110572	-18	-13.75311057	-10	-35	0.583994
-6	-8.930052192	-18	-13.73005219	-10	-35	0.58592
-6	-8.907085495	-18	-13.7070855	-10	-35	0.588535
-6	-8.884209756	-18	-13.68420976	-10	-35	0.589637
-6	-8.861424257	-18	-13.66142426	-10	-35	0.590522
-6	-8.838728288	-18	-13.63872829	-10	-35	0.591751
-6	-8.816121149	-18	-13.61612115	-10	-35	0.593818
-6	-8.793602147	-18	-13.59360215	-10	-35	0.596779
-6	-8.771170598	-18	-13.5711706	-10	-35	0.59755
-6	-8.748825825	-18	-13.54882583	-10	-35	0.599341
-6	-8.72656716	-18	-13.52656716	-10	-35	0.601614
-6	-8.70439394	-18	-13.50439394	-10	-35	0.602478
-6	-8.682305513	-18	-13.48230551	-10	-35	0.604041
-6	-8.660301233	-18	-13.46030123	-10	-35	0.605277
-6	-8.63838046	-18	-13.43838046	-10	-35	0.605766
-6	-8.616542564	-18	-13.41654256	-10	-35	0.6083
-6	-8.594786921	-18	-13.39478692	-10	-35	0.609258
-6	-8.573112912	-18	-13.37311291	-10	-35	0.610144
-6	-8.551519927	-18	-13.35151993	-10	-35	0.611904
-6	-8.530007364	-18	-13.33000736	-10	-35	0.614151
-6	-8.508574624	-18	-13.30857462	-10	-35	0.616754
-6	-8.487221119	-18	-13.28722112	-10	-35	0.618531
-6	-8.465946264	-18	-13.26594626	-10	-35	0.619565
-6	-8.444749482	-18	-13.24474948	-10	-35	0.620767
-6	-8.423630202	-18	-13.2236302	-10	-35	0.62174
-6	-8.40258786	-18	-13.20258786	-10	-35	0.623739
-6	-8.381621896	-18	-13.1816219	-10	-35	0.625307
-6	-8.360731759	-18	-13.16073176	-10	-35	0.626517
-6	-8.339916902	-18	-13.1399169	-10	-35	0.628347
-6	-8.319176784	-18	-13.11917678	-10	-35	0.628686
-6	-8.298510871	-18	-13.09851087	-10	-35	0.630777
-6	-8.277918633	-18	-13.07791863	-10	-35	0.633631
-6	-8.257399547	-18	-13.05739955	-10	-35	0.633932
-6	-8.236953095	-18	-13.0369531	-10	-35	0.636033
-6	-8.216578765	-18	-13.01657877	-10	-35	0.636999
-6	-8.19627605	-18	-12.99627605	-10	-35	0.638887
-6	-8.176044447	-18	-12.97604445	-10	-35	0.642297
-6	-8.155883461	-18	-12.95588346	-10	-35	0.643529
-6	-8.135792601	-18	-12.9357926	-10	-35	0.642501
-6	-8.115771379	-18	-12.91577138	-10	-35	0.643131
-6	-8.095819316	-18	-12.89581932	-10	-35	0.643974
-6	-8.075935934	-18	-12.87593593	-10	-35	0.645417
-6	-8.056120764	-18	-12.85612076	-10	-35	0.647556
-6	-8.036373337	-18	-12.83637334	-10	-35	0.647664
-6	-8.016693193	-18	-12.81669319	-10	-35	0.650095
-6	-7.997079875	-18	-12.79707988	-10	-35	0.650329
-6	-7.977532931	-18	-12.77753293	-10	-35	0.651721
-6	-7.958051912	-18	-12.75805191	-10	-35	0.653089
-6	-7.938636376	-18	-12.73863638	-10	-35	0.655781
-6	-7.919285883	-18	-12.71928588	-10	-35	0.656272
-6	-7.9	-18	-12.7	-10	-35	0.656718
-6	-7.880778296	-18	-12.6807783	-10	-35	0.659255
-6	-7.861620346	-18	-12.66162035	-10	-35	0.660543
-6	-7.842525729	-18	-12.64252573	-10	-35	0.660149
-6	-7.823494026	-18	-12.62349403	-10	-35	0.659778
-6	-7.804524824	-18	-12.60452482	-10	-35	0.663202
-6	-7.785617716	-18	-12.58561772	-10	-35	0.665082
-6	-7.766772294	-18	-12.56677229	-10	-35	0.665408
-6	-7.747988158	-18	-12.54798816	-10	-35	0.667603
-6	-7.729264911	-18	-12.52926491	-10	-35	0.667751
-6	-7.71060216	-18	-12.51060216	-10	-35	0.669829
-6	-7.691999514	-18	-12.49199951	-10	-35	0.671639
-6	-7.673456587	-18	-12.47345659	-10	-35	0.671456
-6	-7.654972998	-18	-12.454973	-10	-35	0.672437
-6	-7.636548368	-18	-12.43654837	-10	-35	0.675721
-6	-7.618182322	-18	-12.41818232	-10	-35	0.67624
-6	-7.599874489	-18	-12.39987449	-10	-35	0.67927
-6	-7.5816245	-18	-12.3816245	-10	-35	0.679642
-6	-7.563431992	-18	-12.36343199	-10	-35	0.680293
-6	-7.545296603	-18	-12.3452966	-10	-35	0.684096
-6	-7.527217976	-18	-12.32721798	-10	-35	0.684276
-6	-7.509195757	-18	-12.30919576	-10	-35	0.686146
-6	-7.491229594	-18	-12.29122959	-10	-35	0.688547
-6	-7.473319141	-18	-12.27331914	-10	-35	0.68923
-6	-7.455464052	-18	-12.25546405	-10	-35	0.691456
-6	-7.437663987	-18	-12.23766399	-10	-35	0.691815
-6	-7.419918607	-18	-12.21991861	-10	-35	0.694363
-6	-7.402227577	-18	-12.20222758	-10	-35	0.694975
-6	-7.384590566	-18	-12.18459057	-10	-35	0.698528
-6	-7.367007245	-18	-12.16700725	-10	-35	0.699195
-6	-7.349477287	-18	-12.14947729	-10	-35	0.703207
-6	-7.332000371	-18	-12.13200037	-10	-35	0.704651
-6	-7.314576175	-18	-12.11457617	-10	-35	0.704287
-6	-7.297204382	-18	-12.09720438	-10	-35	0.705958
-6	-7.279884679	-18	-12.07988468	-10	-35	0.708237
-6	-7.262616754	-18	-12.06261675	-10	-35	0.708225
-6	-7.245400298	-18	-12.0454003	-10	-35	0.712118
-6	-7.228235006	-18	-12.02823501	-10	-35	0.712425
-6	-7.211120574	-18	-12.01112057	-10	-35	0.715198
-6	-7.194056702	-18	-11.9940567	-10	-35	0.718678
-6	-7.177043091	-18	-11.97704309	-10	-35	0.719922
-6	-7.160079447	-18	-11.96007945	-10	-35	0.722956
-6	-7.143165477	-18	-11.94316548	-10	-35	0.724512
-6	-7.126300891	-18	-11.92630089	-10	-35	0.725874
-6	-7.109485402	-18	-11.9094854	-10	-35	0.728148
-6	-7.092718723	-18	-11.89271872	-10	-35	0.729833
-6	-7.076000574	-18	-11.87600057	-10	-35	0.730594
-6	-7.059330673	-18	-11.85933067	-10	-35	0.731379
-6	-7.042708743	-18	-11.84270874	-10	-35	0.732341
-6	-7.026134509	-18	-11.82613451	-10	-35	0.7338
-6	-7.009607698	-18	-11.8096077	-10	-35	0.736109
-6	-6.993128039	-18	-11.79312804	-10	-35	0.73688
-6	-6.976695264	-18	-11.77669526	-10	-35	0.738456
-6	-6.960309106	-18	-11.76030911	-10	-35	0.741216
-6	-6.943969303	-18	-11.7439693	-10	-35	0.741707
-6	-6.927675592	-18	-11.72767559	-10	-35	0.743738
-6	-6.911427715	-18	-11.71142771	-10	-35	0.745419
-6	-6.895225413	-18	-11.69522541	-10	-35	0.748338
-6	-6.879068433	-18	-11.67906843	-10	-35	0.748722
-6	-6.862956522	-18	-11.66295652	-10	-35	0.750663
-6	-6.846889428	-18	-11.64688943	-10	-35	0.752581
-6	-6.830866902	-18	-11.6308669	-10	-35	0.752233
-6	-6.8148887	-18	-11.6148887	-10	-35	0.754834
-6	-6.798954575	-18	-11.59895457	-10	-35	0.755162
-6	-6.783064285	-18	-11.58306429	-10	-35	0.756552
-6	-6.767217591	-18	-11.56721759	-10	-35	0.758601
-6	-6.751414252	-18	-11.55141425	-10	-35	0.760489
-6	-6.735654033	-18	-11.53565403	-10	-35	0.762925
-6	-6.719936699	-18	-11.5199367	-10	-35	0.764279
-6	-6.704262018	-18	-11.50426202	-10	-35	0.766297
-6	-6.688629758	-18	-11.48862976	-10	-35	0.767417
-6	-6.67303969	-18	-11.47303969	-10	-35	0.769685
-6	-6.657491587	-18	-11.45749159	-10	-35	0.771028
-6	-6.641985225	-18	-11.44198522	-10	-35	0.770825
-6	-6.626520379	-18	-11.42652038	-10	-35	0.771755
-6	-6.611096827	-18	-11.41109683	-10	-35	0.772216
-6	-6.59571435	-18	-11.39571435	-10	-35	0.773258
-6	-6.58037273	-18	-11.38037273	-10	-35	0.774462
-6	-6.56507175	-18	-11.36507175	-10	-35	0.776607
-6	-6.549811195	-18	-11.3498112	-10	-35	0.777249
-6	-6.534590853	-18	-11.33459085	-10	-35	0.778356
-6	-6.519410511	-18	-11.31941051	-10	-35	0.779129
-6	-6.504269961	-18	-11.30426996	-10	-35	0.782082
-6	-6.489168994	-18	-11.28916899	-10	-35	0.782153
-6	-6.474107404	-18	-11.2741074	-10	-35	0.784234
-6	-6.459084985	-18	-11.25908499	-10	-35	0.785993
-6	-6.444101536	-18	-11.24410154	-10	-35	0.787027
-6	-6.429156853	-18	-11.22915685	-10	-35	0.787441
-6	-6.414250737	-18	-11.21425074	-10	-35	0.789348
-6	-6.39938299	-18	-11.19938299	-10	-35	0.790464
-6	-6.384553414	-18	-11.18455341	-10	-35	0.790981
-6	-6.369761814	-18	-11.16976181	-10	-35	0.793186
-6	-6.355007996	-18	-11.155008	-10	-35	0.794854
-6	-6.340291768	-18	-11.14029177	-10	-35	0.797112
-6	-6.325612937	-18	-11.12561294	-10	-35	0.797626
-6	-6.310971316	-18	-11.11097132	-10	-35	0.799506
-6	-6.296366715	-18	-11.09636671	-10	-35	0.799489
-6	-6.281798948	-18	-11.08179895	-10	-35	0.800331
-6	-6.267267829	-18	-11.06726783	-10	-35	0.800131
-6	-6.252773175	-18	-11.05277318	-10	-35	0.801454
-6	-6.238314803	-18	-11.0383148	-10	-35	0.803159
-6	-6.223892532	-18	-11.02389253	-10	-35	0.804185
-6	-6.209506182	-18	-11.00950618	-10	-35	0.807243
-6	-6.195155574	-18	-10.99515557	-10	-35	0.808496
-6	-6.180840532	-18	-10.98084053	-10	-35	0.813002
-6	-6.166560879	-18	-10.96656088	-10	-35	0.811026
-6	-6.152316441	-18	-10.95231644	-10	-35	0.814041
-6	-6.138107045	-18	-10.93810705	-10	-35	0.814042
-6	-6.123932519	-18	-10.92393252	-10	-35	0.816162
-6	-6.109792691	-18	-10.90979269	-10	-35	0.816208
-6	-6.095687393	-18	-10.89568739	-10	-35	0.817587
-6	-6.081616457	-18	-10.88161646	-10	-35	0.818909
-6	-6.067579715	-18	-10.86757971	-10	-35	0.820671
-6	-6.053577001	-18	-10.853577	-10	-35	0.822821
-6	-6.039608151	-18	-10.83960815	-10	-35	0.824316
-6	-6.025673002	-18	-10.825673	-10	-35	0.826922
-6	-6.01177139	-18	-10.81177139	-10	-35	0.82868
-6	-5.997903157	-18	-10.79790316	-10	-35	0.829939
-6	-5.98406814	-18	-10.78406814	-10	-35	0.831808
-6	-5.970266182	-18	-10.77026618	-10	-35	0.833538
-6	-5.956497125	-18	-10.75649713	-10	-35	0.834507
-6	-5.942760813	-18	-10.74276081	-10	-35	0.836447
-6	-5.92905709	-18	-10.72905709	-10	-35	0.836653
-6	-5.915385802	-18	-10.7153858	-10	-35	0.839623
-6	-5.901746795	-18	-10.7017468	-10	-35	0.842078
-6	-5.888139918	-18	-10.68813992	-10	-35	0.843837
-6	-5.87456502	-18	-10.67456502	-10	-35	0.844748
-6	-5.86102195	-18	-10.66102195	-10	-35	0.84693
-6	-5.84751056	-18	-10.64751056	-10	-35	0.848588
-6	-5.834030702	-18	-10.6340307	-10	-35	0.850616
-6	-5.820582229	-18	-10.62058223	-10	-35	0.851788
-6	-5.807164995	-18	-10.60716499	-10	-35	0.853576
-6	-5.793778855	-18	-10.59377886	-10	-35	0.854447
-6	-5.780423666	-18	-10.58042367	-10	-35	0.856413
-6	-5.767099285	-18	-10.56709929	-10	-35	0.859893
-6	-5.75380557	-18	-10.55380557	-10	-35	0.859972
-6	-5.74054238	-18	-10.54054238	-10	-35	0.861245
-6	-5.727309576	-18	-10.52730958	-10	-35	0.861899
-6	-5.714107018	-18	-10.51410702	-10	-35	0.865824
-6	-5.700934569	-18	-10.50093457	-10	-35	0.866948
-6	-5.687792091	-18	-10.48779209	-10	-35	0.868939
-6	-5.674679448	-18	-10.47467945	-10	-35	0.871179
-6	-5.661596505	-18	-10.46159651	-10	-35	0.872822
-6	-5.648543129	-18	-10.44854313	-10	-35	0.873718
-6	-5.635519185	-18	-10.43551919	-10	-35	0.87691
-6	-5.622524542	-18	-10.42252454	-10	-35	0.877851
-6	-5.609559067	-18	-10.40955907	-10	-35	0.879817
-6	-5.59662263	-18	-10.39662263	-10	-35	0.881865
-6	-5.583715102	-18	-10.3837151	-10	-35	0.882102
-6	-5.570836352	-18	-10.37083635	-10	-35	0.883948
-6	-5.557986255	-18	-10.35798625	-10	-35	0.886271
-6	-5.545164681	-18	-10.34516468	-10	-35	0.887683
-11	-5.532371505	-18	-10.3323715	-10	-35	0.887686
-11	-5.519606601	-18	-10.3196066	-10	-35	0.890352
-11	-5.506869845	-18	-10.30686984	-10	-35	0.892148
-11	-5.494161112	-18	-10.29416111	-10	-35	0.893274
-11	-5.48148028	-18	-10.28148028	-10	-35	0.894551
-11	-5.468827227	-18	-10.26882723	-10	-35	0.896013
-11	-5.45620183	-18	-10.25620183	-10	-35	0.89717
-11	-5.44360397	-18	-10.24360397	-10	-35	0.898113
-11	-5.431033526	-18	-10.23103353	-10	-35	0.898135
-11	-5.41849038	-18	-10.21849038	-10	-35	0.900856
-11	-5.405974413	-18	-10.20597441	-10	-35	0.900893
-11	-5.393485507	-18	-10.19348551	-10	-35	0.901202
-11	-5.381023546	-18	-10.18102355	-10	-35	0.903257
-11	-5.368588414	-18	-10.16858841	-10	-35	0.904134
-11	-5.356179996	-18	-10.15618	-10	-35	0.905844
-11	-5.343798176	-18	-10.14379818	-10	-35	0.905538
-11	-5.331442842	-18	-10.13144284	-10	-35	0.907581
-11	-5.31911388	-18	-10.11911388	-10	-35	0.907579
-11	-5.306811177	-18	-10.10681118	-10	-35	0.909328
-11	-5.294534623	-18	-10.09453462	-10	-35	0.910635
-11	-5.282284106	-18	-10.08228411	-10	-35	0.911494
-11	-5.270059516	-18	-10.07005952	-10	-35	0.913466
-11	-5.257860744	-18	-10.05786074	-10	-35	0.915064
-11	-5.24568768	-18	-10.04568768	-10	-35	0.916107
-11	-5.233540217	-18	-10.03354022	-10	-35	0.91743
-11	-5.221418247	-18	-10.02141825	-10	-35	0.918857
-11	-5.209321663	-18	-10.00932166	-10	-35	0.919782
-11	-5.197250359	-18	-10	-10	-35	0.920171
-11	-5.185204231	-18	-10	-10	-35	0.921901
-11	-5.173183172	-18	-10	-10	-35	0.922413
-11	-5.161187079	-18	-10	-10	-35	0.923363
-11	-5.149215849	-18	-10	-10	-35	0.924268
-11	-5.137269378	-18	-10	-10	-35	0.925526
-11	-5.125347564	-18	-10	-10	-35	0.928615
-11	-5.113450307	-18	-10	-10	-35	0.929648
-11	-5.101577504	-18	-10	-10	-35	0.930324
-11	-5.089729055	-18	-10	-10	-35	0.932116
-11	-5.077904861	-18	-10	-10	-35	0.933854
-11	-5.066104823	-18	-10	-10	-35	0.933909
-11	-5.054328843	-18	-10	-10	-35	0.934365
-11	-5.042576821	-18	-10	-10	-35	0.936234
-11	-5.030848661	-18	-10	-10	-35	0.936369
-11	-5.019144267	-18	-10	-10	-35	0.937847
-11	-5.007463542	-18	-10	-10	-35	0.938939
-11	-4.99580639	-18	-10	-10	-35	0.941048
-11	-4.984172718	-18	-10	-10	-35	0.942011
-11	-4.972562429	-18	-10	-10	-35	0.943013
-11	-4.960975431	-18	-10	-10	-35	0.945128
-11	-4.94941163	-18	-10	-10	-35	0.946701
-11	-4.937870934	-18	-10	-10	-35	0.947647
-11	-4.92635325	-18	-10	-10	-35	0.949822
-11	-4.914858487	-18	-10	-10	-35	0.950483
-11	-4.903386553	-18	-10	-10	-35	0.951726
-11	-4.891937359	-18	-10	-10	-35	0.953265
-11	-4.880510814	-18	-10	-10	-35	0.954123
-11	-4.869106829	-18	-10	-10	-35	0.954808
-11	-4.857725314	-18	-10	-10	-35	0.956261
-11	-4.846366183	-18	-10	-10	-35	0.956878
-11	-4.835029346	-18	-10	-10	-35	0.958408
-11	-4.823714716	-18	-10	-10	-35	0.961094
-11	-4.812422207	-18	-10	-10	-35	0.961022
-11	-4.801151732	-18	-10	-10	-35	0.963054
-11	-4.789903205	-18	-10	-10	-35	0.965843
-11	-4.778676542	-18	-10	-10	-35	0.968632
-11	-4.767471656	-18	-10	-10	-35	0.96931
-11	-4.756288465	-18	-10	-10	-35	0.970973
-11	-4.745126883	-18	-10	-10	-35	0.97189
-11	-4.733986828	-18	-10	-10	-35	0.972683
-11	-4.722868217	-18	-10	-10	-35	0.975087
-11	-4.711770968	-18	-10	-10	-35	0.975752
-11	-4.700694998	-18	-10	-10	-35	0.977818
-11	-4.689640226	-18	-10	-10	-35	0.980035
-11	-4.678606571	-18	-10	-10	-35	0.98098
-11	-4.667593952	-18	-10	-10	-35	0.982248
-11	-4.656602291	-18	-10	-10	-35	0.984313
-11	-4.645631505	-18	-10	-10	-35	0.987585
-11	-4.634681518	-18	-10	-10	-35	0.987751
-11	-4.62375225	-18	-10	-10	-35	0.991142
-11	-4.612843622	-18	-10	-10	-35	0.992581
-11	-4.601955557	-18	-10	-10	-35	0.994028
-11	-4.591087978	-18	-10	-10	-35	0.995831
-11	-4.580240808	-18	-10	-10	-35	0.99666
-11	-4.569413969	-18	-10	-10	-35	0.997427
-11	-4.558607387	-18	-10	-10	-35	0.999055
-11	-4.547820985	-18	-10	-10	-35	1.000542
-11	-4.537054688	-18	-10	-10	-35	1.000334
-11	-4.526308421	-18	-10	-10	-35	1.002975
-11	-4.515582111	-18	-10	-10	-35	1.004517
-11	-4.504875682	-18	-10	-10	-35	1.005897
-11	-4.494189062	-18	-10	-10	-35	1.008433
-11	-4.483522177	-18	-10	-10	-35	1.010021
-11	-4.472874954	-18	-10	-10	-35	1.011407
-11	-4.462247322	-18	-10	-10	-35	1.012511
-11	-4.451639207	-18	-10	-10	-35	1.015265
-11	-4.44105054	-18	-10	-10	-35	1.015485
-11	-4.430481248	-18	-10	-10	-35	1.017647
-11	-4.41993126	-18	-10	-10	-35	1.019227
-11	-4.409400507	-18	-10	-10	-35	1.02159
-11	-4.398888917	-18	-10	-10	-35	1.021365
-11	-4.388396423	-18	-10	-10	-35	1.022239
-11	-4.377922954	-18	-10	-10	-35	1.02385
-11	-4.367468441	-18	-10	-10	-35	1.025356
-11	-4.357032817	-18	-10	-10	-35	1.025798
-11	-4.346616012	-18	-10	-10	-35	1.02777
-11	-4.33621796	-18	-10	-10	-35	1.029111
-11	-4.325838592	-18	-10	-10	-35	1.031511
-11	-4.315477842	-18	-10	-10	-35	1.03231
-11	-4.305135643	-18	-10	-10	-35	1.03317
-11	-4.294811929	-18	-10	-10	-35	1.032771
-11	-4.284506633	-18	-10	-10	-35	1.033336
-11	-4.274219691	-18	-10	-10	-35	1.034323
-11	-4.263951036	-18	-10	-10	-35	1.035841
-11	-4.253700605	-18	-10	-10	-35	1.037812
-11	-4.243468332	-18	-10	-10	-35	1.038546
-11	-4.233254153	-18	-10	-10	-35	1.041075
-11	-4.223058004	-18	-10	-10	-35	1.04013
-11	-4.212879823	-18	-10	-10	-35	1.041628
-11	-4.202719545	-18	-10	-10	-35	1.043153
-11	-4.192577107	-18	-10	-10	-35	1.043505
-11	-4.182452448	-18	-10	-10	-35	1.045442
-11	-4.172345505	-18	-10	-10	-35	1.046697
-11	-4.162256216	-18	-10	-10	-35	1.048511
-11	-4.152184519	-18	-10	-10	-35	1.048886
-11	-4.142130353	-18	-10	-10	-35	1.051117
-11	-4.132093658	-18	-10	-10	-35	1.051652
-11	-4.122074373	-18	-10	-10	-35	1.053093
-11	-4.112072437	-18	-10	-10	-35	1.054295
-11	-4.10208779	-18	-10	-10	-35	1.055283
-11	-4.092120373	-18	-10	-10	-35	1.056575
-11	-4.082170127	-18	-10	-10	-35	1.057408
-11	-4.072236992	-18	-10	-10	-35	1.058943
-11	-4.062320909	-18	-10	-10	-35	1.059128
-11	-4.052421821	-18	-10	-10	-35	1.061855
-11	-4.042539669	-18	-10	-10	-35	1.062068
-11	-4.032674395	-18	-10	-10	-35	1.064216
-11	-4.022825941	-18	-10	-10	-35	1.066187
-11	-4.012994251	-18	-10	-10	-35	1.06738
-11	-4.003179267	-18	-10	-10	-35	1.068318
-11	-3.993380933	-18	-10	-10	-35	1.069961
-11	-3.983599192	-18	-10	-10	-35	1.070716
-11	-3.973833988	-18	-10	-10	-35	1.072161
-11	-3.964085266	-18	-10	-10	-35	1.073222
-11	-3.95435297	-18	-10	-10	-35	1.075209
-11	-3.944637044	-18	-10	-10	-35	1.075748
-11	-3.934937433	-18	-10	-10	-35	1.078032
-11	-3.925254084	-18	-10	-10	-35	1.078342
-11	-3.915586941	-18	-10	-10	-35	1.080509
-11	-3.90593595	-18	-10	-10	-35	1.082425
-11	-3.9	-18	-10	-10	-35	1.083018
-11	-3.9	-18	-10	-10	-35	1.083816
-11	-3.9	-18	-10	-10		1.085436
-11	-3.9	-18	-10	-10		1.086987
-11	-3.9	-18	-10	-10		1.08786
-11	-3.9	-18	-10	-10		1.08908
-11	-3.9	-18	-10	-10		1.091233
-11	-3.9	-18	-10	-10		1.093519
-11	-3.9	-18	-10	-10		1.094576
-11	-3.9	-18	-10	-10		1.095936
-11	-3.9	-18	-10	-10		1.098157
-11	-3.9	-18	-10	-10		1.098676
-11	-3.9	-18	-10	-10		1.099016
-11	-3.9	-18	-10	-10		1.102233
-11	-3.9	-18	-10	-10		1.103164
-11	-3.9	-18	-10	-10		1.105615
-11	-3.9	-18	-10	-10		1.107429
-11	-3.9	-18	-10	-10		1.109213
-11	-3.9	-18	-10	-10		1.108995
-11	-3.9	-18	-10	-10		1.110701
-11	-3.9	-18	-10	-10		1.112188
-11	-3.9	-18	-10	-10		1.113118
-11	-3.9	-18	-10	-10		1.114367
-11	-3.9	-18	-10	-10		1.115618
-11	-3.9	-18	-10	-10		1.116772
-11	-3.9	-18	-10	-10		1.117738
-11	-3.9	-18	-10	-10		1.120899
-11	-3.9	-18	-10	-10		1.120606
-11	-3.9	-18	-10	-10		1.121568
-11	-3.9	-18	-10	-10		1.123491
-11	-3.9	-18	-10	-10		1.12623
-11	-3.9	-18	-10	-10		1.125421
-11	-3.9	-18	-10	-10		1.12823
-11	-3.9	-18	-10	-10		1.129389
-11	-3.9	-18	-10	-10		1.130789
-11	-3.9	-18	-10	-10		1.133108
-11	-3.9	-18	-10	-10		1.133605
-11	-3.9	-18	-10	-10		1.134942
-11	-3.9	-18	-10	-10		1.135596
-11	-3.9	-18	-10	-10		1.137279
-11	-3.9	-18	-10	-10		1.137996
-11	-3.9	-18	-10	-10		1.140012
-11	-3.9	-18	-10	-10		1.141187
-11	-3.9	-18	-10	-10		1.143529
-11	-3.9	-18	-10	-10		1.144709
-11	-3.9	-18	-10	-10		1.145559
-11	-3.9	-18	-10	-10		1.147347
-11	-3.9	-18	-10	-10		1.14908
-11	-3.9	-18	-10	-10		1.150239
-11	-3.9	-18	-10	-10		1.150567
-11	-3.9	-18	-10	-10		1.152153
-11	-3.9	-18	-10	-10		1.153392
-11	-3.9	-18	-10	-10		1.154728
-11	-3.9	-18	-10	-10		1.156677
-11	-3.9	-18	-10	-10		1.157171
-11	-3.9	-18	-10	-10		1.158506
-11	-3.9	-18	-10	-10		1.159951
-11	-3.9	-18	-10	-10		1.160759
-11	-3.9	-18	-10	-10		1.163996
-11	-3.9	-18	-10	-10		1.164065
-11	-3.9	-18	-10	-10		1.166777
-11	-3.9	-18	-10	-10		1.168732
-11	-3.9	-18	-10	-10		1.168121
-11	-3.9	-18	-10	-10		1.169092
-11	-3.9	-18	-10	-10		1.171317
-11	-3.9	-18	-10	-10		1.172381
-11	-3.9	-18	-10	-10		1.173916
-11	-3.9	-18	-10	-10		1.174978
-11	-3.9	-18	-10	-10		1.175714
-11	-3.9	-18	-10	-10		1.175603
-11	-3.9	-18	-10	-10		1.17729
-11	-3.9	-18	-10	-10		1.179992
-11	-3.9	-18	-10	-10		1.179318
-11	-3.9	-18	-10	-10		1.181603
-11	-3.9	-18	-10	-10		1.183576
-11	-3.9	-18	-10	-10		1.184956
-11	-3.9	-18	-10	-10		1.186339
-11	-3.9	-18	-10	-10		1.186976
-11	-3.9	-18	-10	-10		1.188964
-11	-3.9	-18	-10	-10		1.188885
-11	-3.9	-18	-10	-10		1.191048
-11	-3.9	-18	-10	-10		1.192356
-11	-3.9	-18	-10	-10		1.19319
-11	-3.9	-18	-10	-10		1.194995
-11	-3.9	-18	-10	-10		1.196288
-11	-3.9	-18	-10	-10		1.197998
-11	-3.9	-18	-10	-10		1.199576
-11	-3.9	-18	-10	-10		1.199713
-11	-3.9	-18	-10	-10		1.202089
-11	-3.9	-18	-10	-10		1.205158
-11	-3.9	-18	-10	-10		1.20669
-11	-3.9	-18	-10	-10		1.206052
-11	-3.9	-18	-10	-10		1.207378
-11	-3.9	-18	-10	-10		1.207287
-11	-3.9	-18	-10	-10		1.209924
-11	-3.9	-18	-10	-10		1.209852
-11	-3.9	-18	-10	-10		1.211071
-11	-3.9	-18	-10	-10		1.213152
-11	-3.9	-18	-10	-10		1.214098
-11	-3.9	-18	-10	-10		1.216921
-11	-3.9	-18	-10	-10		1.218743
-11	-3.9	-18	-10	-10		1.220462
-11	-3.9	-18	-10	-10		1.221259
-11	-3.9	-18	-10	-10		1.222521
-11	-3.9	-18	-10	-10		1.223981
-11	-3.9	-18	-10	-10		1.223825
-11	-3.9	-18	-10	-10		1.225094
-11	-3.9	-18	-10	-10		1.227352
-11	-3.9	-18	-10	-10		1.227075
-11	-3.9	-18	-10	-10		1.227149
-11	-3.9	-18	-10	-10		1.229632
-11	-3.9	-18	-10	-10		1.230372
-11	-3.9	-18	-10	-10		1.232298
-11	-3.9	-18	-10	-10		1.233139
-11	-3.9	-18	-10	-10		1.235924
-11	-3.9	-18	-10	-10		1.2366
-11	-3.9	-18	-10	-10		1.238376
-11	-3.9	-18	-10	-10		1.240534
-11	-3.9	-18	-10	-10		1.24237
-11	-3.9	-18	-10	-10		1.243324
-11	-3.9	-18	-10	-10		1.244322
-11	-3.9	-18	-10	-10		1.245551
-11	-3.9	-18	-10	-10		1.247198
-11	-3.9	-18	-10	-10		1.248691
-11	-3.9	-18	-10	-10		1.249699
-11	-3.9	-18	-10	-10		1.249522
-11	-3.9	-18	-10	-10		1.252013
-11	-3.9	-18	-10	-10		1.252416
-11	-3.9	-18	-10	-10		1.254491
-11	-3.9	-18	-10	-10		1.256477
-11	-3.9	-18	-10	-10		1.257906
-11	-3.9	-18	-10	-10		1.258389
-11	-3.9	-18	-10	-10		1.259293
-11	-3.9	-18	-10	-10		1.259776
-11	-3.9	-18	-10	-10		1.261607
-11	-3.9	-18	-10	-10		1.2642
-11	-3.9	-18	-10	-10		1.265419
-11	-3.9	-18	-10	-10		1.266665
-11	-3.9	-18	-10	-10		1.266789
-11	-3.9	-18	-10	-10		1.268576
-11	-3.9	-18	-10	-10		1.270444
-11	-3.9	-18	-10	-10		1.271389
-11	-3.9	-18	-10	-10		1.273263
-11	-3.9	-18	-10	-10		1.274103
-11	-3.9	-18	-10	-10		1.276
-11	-3.9	-18	-10	-10		1.277601
-11	-3.9	-18	-10	-10		1.278532
-11	-3.9	-18	-10	-10		1.281154
-11	-3.9	-18	-10	-10		1.282436
-11	-3.9	-18	-10	-10		1.28341
-11	-3.9	-18	-10	-10		1.283777
-11	-3.9	-18	-10	-10		1.286325
-11	-3.9	-18	-10	-10		1.288152
-11	-3.9	-18	-10	-10		1.289154
-11	-3.9	-18	-10	-10		1.291256
-11	-3.9	-18	-10	-10		1.291174
-11	-3.9	-18	-10	-10		1.292424
-11	-3.9	-18	-10	-10		1.294652
-11	-3.9	-18	-10	-10		1.295388
-11	-3.9	-18	-10	-10		1.297836
-11	-3.9	-18	-10	-10		1.299517
-11	-3.9	-18	-10	-10		1.300353
-11	-3.9	-18	-10	-10		1.302354
-11	-3.9	-18	-10	-10		1.303896
-11	-3.9	-18	-10	-10		1.305635
-11	-3.9	-18	-10	-10		1.305633
-11	-3.9	-18	-10	-10		1.306121
-11	-3.9	-18	-10	-10		1.308782
-11	-3.9	-18	-10	-10		1.309602
-11	-3.9	-18	-10	-10		1.310977
-11	-3.9	-18	-10	-10		1.312806
-11	-3.9	-18	-10	-10		1.314485
-11	-3.9	-18	-10	-10		1.317379
-11	-3.9	-18	-10	-10		1.318082
-11	-3.9	-18	-10	-10		1.320188
-11	-3.9	-18	-10	-10		1.321922
-11	-3.9	-18	-10	-10		1.323067
-11	-3.9	-18	-10	-10		1.325029
-11	-3.9	-18	-10	-10		1.326189
-11	-3.9	-18	-10	-10		1.326722
-11	-3.9	-18	-10	-10		1.328415
-11	-3.9	-18	-10	-10		1.329947
-11	-3.9	-18	-10	-10		1.331659
-11	-3.9	-18	-10	-10		1.331272
-11	-3.9	-18	-10	-10		1.334368
-11	-3.9	-18	-10	-10		1.336009
-11	-3.9	-18	-10	-10		1.336686
-11	-3.9	-18	-10	-10		1.338349
-11	-3.9	-18	-10	-10		1.339142
-11	-3.9	-18	-10	-10		1.340036
-11	-3.9	-18	-10	-10		1.341975
-11	-3.9	-18	-10	-10		1.343989
-11	-3.9	-18	-10	-10		1.344657
-11	-3.9	-18	-10	-10		1.346017
-11	-3.9	-18	-10	-10		1.348122
-11	-3.9	-18	-10	-10		1.350193
-11	-3.9	-18	-10	-10		1.350734
-11	-3.9	-18	-10	-10		1.351046
-11	-3.9	-18	-10	-10		1.351537
-11	-3.9	-18	-10	-10		1.353293
-11	-3.9	-18	-10	-10		1.354194
-11	-3.9	-18	-10	-10		1.355646
-11	-3.9	-18	-10	-10		1.356432
-11	-3.9	-18	-10	-10		1.35657
-11	-3.9	-18	-10	-10		1.359418
-11	-3.9	-18	-10	-10		1.35974
-11	-3.9	-18	-10	-10		1.361216
-11	-3.9	-18	-10	-10		1.361915
-11	-3.9	-18	-10	-10		1.364646
-11	-3.9	-18	-10	-10		1.365087
-11	-3.9	-18	-10	-10		1.368163
-11	-3.9	-18	-10	-10		1.369249
-11	-3.9	-18	-10	-10		1.36855
-11	-3.9	-18	-10	-10		1.370966
-11	-3.9	-18	-10	-10		1.370484
-11	-3.9	-18	-10	-10		1.373498
-11	-3.9	-18	-10	-10		1.373356
-11	-3.9	-18	-10	-10		1.375619
-11	-3.9	-18	-10	-10		1.376975
-11	-3.9	-18	-10	-10		1.37678
-11	-3.9	-18	-10	-10		1.378369
-11	-3.9	-18	-10	-10		1.380238
-11	-3.9	-18	-10	-10		1.381348
-11	-3.9	-18	-10	-10		1.383251
-11	-3.9	-18	-10	-10		1.383569
-11	-3.9	-18	-10	-10		1.38543
-11	-3.9	-18	-10	-10		1.386061
-11	-3.9	-18	-10	-10		1.388565
-11	-3.9	-18	-10	-10		1.388551
-11	-3.9	-18	-10	-10		1.390074
-11	-3.9	-18	-10	-10		1.391752
-11	-3.9	-18	-10	-10		1.392904
-11	-3.9	-18	-10	-10		1.393684
-11	-3.9	-18	-10	-10		1.395102
-11	-3.9	-18	-10	-10		1.397344
-11	-3.9	-18	-10	-10		1.398854
-11	-3.9	-18	-10	-10		1.399238
-11	-3.9	-18	-10	-10		1.400763
-11	-3.9	-18	-10	-10		1.402198
-11	-3.9	-18	-10	-10		1.404482
-11	-3.9	-18	-10	-10		1.406354
-11	-3.9	-18	-10	-10		1.406791
-11	-3.9	-18	-10	-10		1.408489
-11	-3.9	-18	-10	-10		1.41046
-11	-3.9	-18	-10	-10		1.411461
-11	-3.9	-18	-10	-10		1.412397
-11	-3.9	-18	-10	-10		1.414865
-11	-3.9	-18	-10	-10		1.415565
-11	-3.9	-18	-10	-10		1.418412
-11	-3.9	-18	-10	-10		1.418052
-11	-3.9	-18	-10	-10		1.418841
-11	-3.9	-18	-10	-10		1.421474
-11	-3.9	-18	-10	-10		1.422357
-11	-3.9	-18	-10	-10		1.422868
-11	-3.9	-18	-10	-10		1.423961
-11	-3.9	-18	-10	-10		1.425335
-11	-3.9	-18	-10	-10		1.427364
-11	-3.9	-18	-10	-10		1.429679
-11	-3.9	-18	-10	-10		1.430677
-11	-3.9	-18	-10	-10		1.432011
-11	-3.9	-18	-10	-10		1.43279
-11	-3.9	-18	-10	-10		1.435698
-11	-3.9	-18	-10	-10		1.436845
-11	-3.9	-18	-10	-10		1.439633
-11	-3.9	-18	-10	-10		1.440232
-11	-3.9	-18	-10	-10		1.44207
-11	-3.9	-18	-10	-10		1.444593
-11	-3.9	-18	-10	-10		1.445263
-11	-3.9	-18	-10	-10		1.446071
-11	-3.9	-18	-10	-10		1.447704
-11	-3.9	-18	-10	-10		1.449527
-11	-3.9	-18	-10	-10		1.452035
-11	-3.9	-18	-10	-10		1.454096
-11	-3.9	-18	-10	-10		1.455312
-11	-3.9	-18	-10	-10		1.456364
-11	-3.9	-18	-10	-10		1.457748
-11	-3.9	-18	-10	-10		1.460534
-11	-3.9	-18	-10	-10		1.462237
-11	-3.9	-18	-10	-10		1.46276
-11	-3.9	-18	-10	-10		1.463432
-11	-3.9	-18	-10	-10		1.466473
-11	-3.9	-18	-10	-10		1.467568
-11	-3.9	-18	-10	-10		1.468503
-11	-3.9	-18	-10	-10		1.469565
-11	-3.9	-18	-10	-10		1.471752
-11	-3.9	-18	-10	-10		1.473773
-11	-3.9	-18	-10	-10		1.473902
-11	-3.9	-18	-10	-10		1.476882
-11	-3.9	-18	-10	-10		1.477144
-11	-3.9	-18	-10	-10		1.479657
-11	-3.9	-18	-10	-10		1.48027
-11	-3.9	-18	-10	-10		1.480108
-11	-3.9	-18	-10	-10		1.482079
-11	-3.9	-18	-10	-10		1.482478
-11	-3.9	-18	-10	-10		1.484262
-11	-3.9	-18	-10	-10		1.485165
-11	-3.9	-18	-10	-10		1.485687
-11	-3.9	-18	-10	-10		1.488432
-11	-3.9	-18	-10	-10		1.489072
-11	-3.9	-18	-10	-10		1.492075
-11	-3.9	-18	-10	-10		1.4922
-11	-3.9	-18	-10	-10		1.493552
						1.494821
						1.495452
						1.494846
						1.495146
						1.495937
						1.49565
						1.49697
						1.496962
						1.49904
						1.49985
						1.502747
						1.503121
						1.505829
						1.505836
						1.50672
						1.507072
						1.50799
						1.508465
						1.510866
						1.510263
						1.511572
						1.513508
						1.514963
						1.515335
						1.515954
						1.517303
						1.51833
						1.519418
						1.520569
						1.521654
						1.524126
						1.525549
						1.52796
						1.528946
						1.529832
						1.532793
						1.533131
						1.53477
						1.537192
						1.538282
						1.539227
						1.539992
						1.541209
						1.541942
						1.543732
						1.544496
						1.548195
						1.548702
						1.55102
						1.552296
						1.554145
						1.55686
						1.557922
						1.559172
						1.561241
						1.561043
						1.564186
						1.564557
						1.565114
						1.566302
						1.570302
						1.571681
						1.574301
						1.575429
						1.578154
						1.580672
						1.581867
						1.581899
						1.584645
						1.586282
						1.584365
						1.587495
						1.588323
						1.592914
						1.590961
						1.593242
						1.59505
						1.598389
						1.599798
						1.601602
						1.60134
						1.602253
						1.604305
						1.603355
						1.605268
						1.606903
						1.606984
						1.609419
						1.611115
						1.61295
						1.61213
						1.614059
						1.614654
						1.617971
						1.618568
						1.620356
						1.621027
						1.619663
						1.62157
						1.622555
						1.624904
						1.623034
						1.624063
						1.626602
						1.627084
						1.628414
						1.631111
						1.631925
						1.633843
						1.634835
						1.636906
						1.636499
						1.636829
						1.637524
						1.639479
						1.640388
						1.641618
						1.64303
						1.642907
						1.646714
						1.647264
						1.647117
						1.649774
						1.651085
						1.652529
						1.654006
						1.654509
						1.655911
						1.65747
						1.659562
						1.660772
						1.660412
						1.663447
						1.664772
						1.666214
						1.665995
						1.6675
						1.667602
						1.66562
						1.669428
						1.671915
						1.674398
						1.674877
						1.678441
						1.678083
						1.680244
						1.682367
						1.683212
						1.683665
						1.686703
						1.686396
						1.68915
						1.689141
						1.689341
						1.691758
						1.695103
						1.696613
						1.699256
						1.701595
						1.702088
						1.702972
						1.704164
						1.706202
						1.705222
						1.707355
						1.707942
						1.709949
						1.711209
						1.714791
						1.717315
						1.718064
						1.719175
						1.720719
						1.721781
						1.721826
						1.724691
						1.725224
						1.726316
						1.727024
						1.72865
						1.731176
						1.731032
						1.732791
						1.734222
						1.736813
						1.73728
						1.740043
						1.741614
						1.741759
						1.744624
						1.745648
						1.74618
						1.746015
						1.747493
						1.747045
						1.748107
						1.747861
						1.751003
						1.750323
						1.751691
						1.751407
						1.752919
						1.753694
						1.756115
						1.756372
						1.755172
						1.758124
						1.75956
						1.759492
						1.761443
						1.761268
						1.763631
						1.764785
						1.765542
						1.764929
						1.76668
						1.768948
						1.771198
						1.771054
						1.771161
						1.773724
						1.775874
						1.774516
						1.77699
						1.777415
						1.780908
						1.783191
						1.783309
						1.785986
						1.786718
						1.787552
						1.790039
						1.791469
						1.791494
						1.794995
						1.795545
						1.796276
						1.798228
						1.800919
						1.801188
						1.803293
						1.801924
						1.805515
						1.805349
						1.806726
						1.810238
						1.811516
						1.815282
						1.817499
						1.818443
						1.819178
						1.81974
						1.82023
						1.821196
						1.821995
						1.823941
						1.82657
						1.826644
						1.829269
						1.830623
						1.831822
						1.833308
						1.836692
						1.836508
						1.838834
						1.838147
						1.839401
						1.839662
						1.842718
						1.843744
						1.845558
						1.847341
						1.847608
						1.850063
						1.84992
						1.852045
						1.851703
						1.851053
						1.854417
						1.856699
						1.85995
						1.86031
						1.862064
						1.86535
						1.865567
						1.867765
						1.867802
						1.869868
						1.868753
						1.868884
						1.870045
						1.871849
						1.869505
						1.874534
						1.876311
						1.876364
						1.877789
						1.879588
						1.881366
						1.882239
						1.884179
						1.885818
						1.887591
						1.885983
						1.886652
						1.88736
						1.889441
						1.889471
						1.891633
						1.892883
						1.895899
						1.898558
						1.899075
						1.899854
						1.900984
						1.901207
						1.903624
						1.904956
						1.906818
						1.907976
						1.909109
						1.909339
						1.9104
						1.912313
						1.913187
						1.91303
						1.915994
						1.918306
						1.920607
						1.920942
						1.921271
						1.924897
						1.925788
						1.926254
						1.927986
						1.929874
						1.930658
						1.931665
						1.932521
						1.934699
						1.936053
						1.938175
						1.939883
						1.942722
						1.945361
						1.947552
						1.949595
						1.948647
						1.949127
						1.950011
						1.951576
						1.954799
						1.956513
						1.957508
						1.958806
						1.960143
						1.963585
						1.964657
						1.967099
						1.968199
						1.968249
						1.970155
						1.971232
						1.971955
						1.973019
						1.97544
						1.975023
						1.976139
						1.977934
						1.97867
						1.981491
						1.984333
						1.985403
						1.987203
						1.989334
						1.98973
						1.988922
						1.990336
						1.99163
						1.993117
						1.994596
						1.996491
						1.997109
						1.997571
						1.999984
						2.001206
						2.004206
						2.004452
						2.004332
						2.005034
						2.0062
						2.008182
						2.008185
						2.00961
						2.012525
						2.014791
						2.017021
						2.019938
						2.020549
						2.023863
						2.02663
						2.026757
						2.029391
						2.026888
						2.028615
						2.029617
						2.031597
						2.035747
						2.035904
						2.038016
						2.039887
						2.043035
						2.044069
						2.047585
						2.048918
						2.048852
						2.049392
						2.049796
						2.050127
						2.053061
						2.054497
						2.057261
						2.058695
						2.060129
						2.063014
						2.065822
						2.067679
						2.068349
						2.068612
						2.069835
						2.069976
						2.072392
						2.071903
						2.073261
						2.076951
						2.077155
						2.077837
						2.079628
						2.080542
						2.08458
						2.085634
						2.089097
						2.08891
						2.087761
						2.08997
						2.090825
						2.089935
						2.091109
						2.092222
						2.094119
						2.095785
						2.096509
						2.099612
						2.100059
						2.099898
						2.10047
						2.103359
						2.106217
						2.106861
						2.106256
						2.105608
						2.107204
						2.107716
						2.108603
						2.109725
						2.111019
						2.112087
						2.112757
						2.113632
						2.114807
						2.117655
						2.118758
						2.120904
						2.121598
						2.12151
						2.123017
						2.123482
						2.125986
						2.126992
						2.129585
						2.130061
						2.131853
						2.130149
						2.133337
						2.136097
						2.138179
						2.138378
						2.14253
						2.146235
						2.148411
						2.148816
						2.151973
						2.153137
						2.15467
						2.155367
						2.155508
						2.159509
						2.15959
						2.163869
						2.166727
						2.169941
						2.173593
						2.177701
						2.181697
						2.184415
						2.185198
						2.187127
						2.187819
						2.187873
						2.190802
						2.190554
						2.192302
						2.19308
						2.197405
						2.20059
						2.205195
						2.209495
						2.214167
						2.218173
						2.219076
						2.218199
						2.218461
						2.218702
						2.217129
						2.219127
						2.219209
						2.221601
						2.225699
						2.228494
						2.232073
						2.23509
						2.236917
						2.237303
						2.239561
						2.23797
						2.23686
						2.234876
						2.234365
						2.234394
						2.235157
						2.234557
						2.23793
						2.23897
						2.241184
						2.241725
						2.24403
						2.243084
						2.24403
						2.24247
						2.240605
						2.241868
						2.240778
						2.240136
						2.241411
						2.243057
						2.243946
						2.247359
						2.248128
						2.24824
						2.249523
						2.249679
						2.249313
						2.248474
						2.248209
						2.248136
						2.249221
						2.250798
						2.25333
						2.25603
						2.257399
						2.258926
						2.261103
						2.26242
						2.263315
						2.265846
						2.267091
						2.269865
						2.272282
						2.27425
						2.275922
						2.277714
						2.28028
						2.281706
						2.284268
						2.288208
						2.291147
						2.294414
						2.296808
						2.300422
						2.30376
						2.306206
						2.308809
						2.310439
						2.312919
						2.315043
						2.317009
						2.322172
						2.325233
						2.328452
						2.331773
						2.332981
						2.337879
						2.339863
						2.343149
						2.344833
						2.347073
						2.347579
						2.349233
						2.351084
						2.352511
						2.354607
						2.357005
						2.359958
						2.362178
						2.364704
						2.366605
						2.366806
						2.367493
						2.368561
						2.36624
						2.366644
						2.368097
						2.369729
						2.370139
						2.371594
						2.373364
						2.375894
						2.375851
						2.375305
						2.375277
						2.374553
						2.374241
						2.372106
						2.371902
						2.37127
						2.371933
						2.372278
						2.373759
						2.373356
						2.376586
						2.375995
						2.376573
						2.37516
						2.375208
						2.374068
						2.373664
						2.375662
						2.374757
						2.3742
						2.376198
						2.37708
						2.378077
						2.378176
						2.377663
						2.377513
						2.378809
						2.380193
						2.381336
						2.383061
						2.385627
						2.387361
						2.389531
						2.392262
						2.392958
						2.393359
						2.393136
						2.394275
						2.395561
						2.39712
						2.398642
						2.401695
						2.4037
						2.408328
						2.412955
						2.416885
						2.420938
						2.422417
						2.424781
						2.424809
						2.426587
						2.427358
						2.427715
						2.430853
						2.434583
						2.43885
						2.444329
						2.449567
						2.453995
						2.457417
						2.461119
						2.46298
						2.463769
						2.464596
						2.466678
						2.466262
						2.468674
						2.470828
						2.474356
						2.47873
						2.481894
						2.48605
						2.488406
						2.491941
						2.493004
						2.493471
						2.4932
						2.491566
						2.491994
						2.492707
						2.494221
						2.496548
						2.497513
						2.500888
						2.503528
						2.504838
						2.508434
						2.508607
						2.506881
						2.505456
						2.50372
						2.504615
						2.503616
						2.502726
						2.502659
						2.503804
						2.504435
						2.504039
						2.505605
						2.505946
						2.506668
						2.506255
						2.507353
						2.506373
						2.503839
						2.503359
						2.503112
						2.501663
						2.503277
						2.504062
						2.503533
						2.504382
						2.505118
						2.506042
						2.507203
						2.507816
						2.507289
						2.509589
						2.508742
						2.509014
						2.511276
						2.510388
						2.509472
						2.510663
						2.512018
						2.513304
						2.516309
						2.517318
						2.518649
						2.519981
						2.522816
						2.524461
						2.52501
						2.526469
						2.526737
						2.52982
						2.530659
						2.531429
						2.534789
						2.538435
						2.539872
						2.542979
						2.545335
						2.54756
						2.55182
						2.553169
						2.555627
						2.558723
						2.559275
						2.561671
						2.564082
						2.569494
						2.571984
						2.574659
						2.578858
						2.579795
						2.581581
						2.583251
						2.584568
						2.586008
						2.588605
						2.591107
						2.5916
						2.595072
						2.599248
						2.601935
						2.605171
						2.607024
						2.609208
						2.609313
						2.610034
						2.609489
						2.61054
						2.613327
						2.612735
						2.614281
						2.615193
						2.617525
						2.620592
						2.621807
						2.624504
						2.626474
						2.626812
						2.626768
						2.626477
						2.626457
						2.625021
						2.625827
						2.625304
						2.626755
						2.626761
						2.628045
						2.62907
						2.631244
						2.632843
						2.632888
						2.631732
						2.632295
						2.632564
						2.632399
						2.630044
						2.632505
						2.631641
						2.632048
						2.631714
						2.63226
						2.633528
						2.635324
						2.636662
						2.63799
						2.636935
						2.63794
						2.638129
						2.638849
						2.638573
						2.640249
						2.640152
						2.640909
						2.639999
						2.640518
						2.641764
						2.642971
						2.645098
						2.646718
						2.65002
						2.651178
						2.652188
						2.654485
						2.655101
						2.657745
						2.658196
						2.657755
						2.657445
						2.657978
						2.658266
						2.660145
						2.66019
						2.662195
						2.665395
						2.665936
						2.670057
						2.674493
						2.675923
						2.678502
						2.679016
						2.681994
						2.682298
						2.681364
						2.682411
						2.682808
						2.684448
						2.686753
						2.690403
						2.693177
						2.696439
						2.698047
						2.702092
						2.70367
						2.707721
						2.707109
						2.708403
						2.708982
						2.708395
						2.707438
						2.708067
						2.709578
						2.711954
						2.714
						2.718822
						2.722252
						2.725558
						2.726819
						2.729367
						2.729688
						2.732069
						2.731118
						2.731827
						2.730675
						2.730212
						2.732466
						2.73385
						2.737046
						2.739637
						2.74517
						2.747241
						2.748374
						2.751894
						2.751474
						2.753677
						2.751862
						2.752784
						2.750453
						2.749743
						2.751732
						2.753453
						2.755461
						2.75718
						2.758803
						2.761834
						2.764116
						2.764735
						2.765264
						2.765694
						2.766362
						2.765685
						2.76633
						2.76721
						2.768642
						2.769917
						2.771803
						2.771733
						2.772543
						2.773381
						2.774931
						2.774345
						2.775983
						2.776645
						2.778882
						2.778717
						2.780074
						2.779929
						2.782183
						2.782161
						2.783136
						2.785095
						2.786633
						2.78747
						2.787445
						2.788208
						2.790537
						2.792228
						2.792569
						2.792417
						2.792805
						2.793194
						2.797155
						2.797838
						2.799169
						2.799139
						2.801236
						2.802407
						2.801796
						2.802124
						2.804317
						2.803821
						2.806637
						2.807059
						2.806939
						2.809289
						2.812963
						2.814532
						2.815503
						2.815281
						2.816343
						2.818841
						2.819077
						2.821622
						2.823164
						2.825406
						2.8253
						2.826479
						2.830362
						2.82961
						2.83432
						2.837223
						2.839039
						2.8413
						2.842506
						2.842635
						2.844366
						2.846973
						2.848064
						2.848673
						2.85008
						2.854078
						2.854631
						2.854911
						2.859203
						2.861115
						2.86342
						2.866324
						2.869482
						2.872514
						2.874194
						2.876006
						2.878043
						2.880563
						2.881144
						2.885144
						2.886986
						2.888559
						2.890759
						2.893979
						2.897669
						2.901243
						2.903097
						2.90707
						2.909916
						2.910981
						2.912425
						2.915301
						2.917574
						2.919815
						2.922451
						2.925353
						2.926857
						2.929002
						2.932641
						2.93513
						2.936688
						2.93675
						2.937219
						2.940236
						2.940457
						2.943239
						2.943777
						2.944677
						2.948265
						2.952628
						2.954116
						2.956606
						2.957241
						2.957464
						2.957228
						2.959336
						2.956657
						2.956057
						2.956415
						2.956777
						2.95837
						2.960116
						2.961961
						2.962722
						2.96467
						2.965703
						2.964564
						2.964097
						2.961524
						2.960031
						2.958193
						2.960315
						2.957774
						2.959311
						2.958779
						2.960648
						2.960787
						2.962362
						2.963972
						2.963612
						2.965071
						2.962598
						2.960532
						2.960901
						2.960336
						2.959304
						2.959161
						2.958999
						2.959475
						2.961376
						2.959609
						2.963298
						2.963648
						2.965959
						2.965972
						2.967224
						2.969389
						2.970923
						2.973881
						2.97415
						2.976931
						2.978192
